66

10 6
13970

10 2
54

14 12
81942A0D365CB7

9 10
60842

9 10
167042

9 14
52348

2 8
1

16 2
9A21FB4D760E5C38

10 5
308541

6 5
13

13 4
2104539

12 8
2873

2 18
10

15 11
0A521386BD97E4

8 3
76015

5 17
0

13 16
806B5

12 15
AB7

8 19
1

13 17
C48A02

16 18
C37F51489BD

15 9
3DCE467158

9 7
5102467

15 7
C7038E5B1692A4D

14 9
72BA

11 9
918462A70

12 10
B3

8 10
72531

6 16
03125

10 15
2176495038

10 4
08

11 1
093712854

10 12
2176

12 6
38071A9B

11 11
823A1976045

6 12
02314

4 18
013

8 17
73546210

8 8
57426310

6 20
42501

3 12
2

2 10
10

16 6
89143C0DE7FBA

7 20
3504

9 14
45

6 11
10352

8 8
3056412

14 1
8D351A

10 10
0732956481

6 19
152043

7 14
5

4 2
123

9 16
5260

13 11
A73C65902

13 6
71C82903B564

3 20
021

16 10
B4A7

7 20
52

11 13
78961035

12 1
30B2679A85

13 7
3

14 14
123CB4

3 6
102

15 20
75ED9A1C08263

10 16
847926

16 2
A3041B7
